* c:\users\vinit\desktop\summation-of-counter\vinit_inverter\vinit_inverter.cir
Transient Analysis  Sat Jan 21 20:30:06  2023
--------------------------------------------------------------------------------
Index   time                            a               m.xsc1.msky130_ 
--------------------------------------------------------------------------------
0	0.000000e+00	0.000000e+00	0.000000e+00	1.800000e+00	
1	2.000000e-11	0.000000e+00	0.000000e+00	1.800000e+00	
2	4.000000e-11	0.000000e+00	0.000000e+00	1.800000e+00	
3	8.000000e-11	0.000000e+00	0.000000e+00	1.800000e+00	
4	1.600000e-10	0.000000e+00	0.000000e+00	1.800000e+00	
5	3.200000e-10	0.000000e+00	0.000000e+00	1.800000e+00	
6	6.400000e-10	0.000000e+00	0.000000e+00	1.800000e+00	
7	1.280000e-09	0.000000e+00	5.040000e-01	1.799997e+00	
8	1.872838e-09	0.000000e+00	1.571108e+00	1.800037e+00	
9	2.000000e-09	0.000000e+00	1.800000e+00	1.800135e+00	
10	2.031385e-09	0.000000e+00	1.800000e+00	1.800001e+00	
11	2.094155e-09	0.000000e+00	1.800000e+00	1.800000e+00	
12	2.219694e-09	0.000000e+00	1.800000e+00	1.800000e+00	
13	2.470773e-09	0.000000e+00	1.800000e+00	1.800000e+00	
14	2.972931e-09	0.000000e+00	1.800000e+00	1.800000e+00	
15	3.977247e-09	0.000000e+00	1.800000e+00	1.800000e+00	
16	5.985879e-09	0.000000e+00	1.800000e+00	1.800000e+00	
17	1.000314e-08	0.000000e+00	1.800000e+00	1.800000e+00	
18	1.803767e-08	0.000000e+00	1.800000e+00	1.800000e+00	
19	3.410672e-08	0.000000e+00	1.800000e+00	1.800000e+00	
20	6.624483e-08	0.000000e+00	1.800000e+00	1.800000e+00	
21	1.305210e-07	0.000000e+00	1.800000e+00	1.800000e+00	
22	2.590735e-07	0.000000e+00	1.800000e+00	1.800000e+00	
23	5.161783e-07	0.000000e+00	1.800000e+00	1.800000e+00	
24	1.030388e-06	0.000000e+00	1.800000e+00	1.800000e+00	
25	2.058807e-06	0.000000e+00	1.800000e+00	1.800000e+00	
26	4.115646e-06	0.000000e+00	1.800000e+00	1.800000e+00	
27	8.229324e-06	0.000000e+00	1.800000e+00	1.800000e+00	
28	1.645668e-05	0.000000e+00	1.800000e+00	1.800000e+00	
29	3.291139e-05	0.000000e+00	1.800000e+00	1.800000e+00	
30	6.582081e-05	0.000000e+00	1.800000e+00	1.800000e+00	
31	1.316397e-04	0.000000e+00	1.800000e+00	1.800000e+00	
32	2.632773e-04	0.000000e+00	1.800000e+00	1.800000e+00	
33	5.265527e-04	0.000000e+00	1.800000e+00	1.800000e+00	
34	1.053103e-03	0.000000e+00	1.800000e+00	1.800000e+00	
35	2.106205e-03	0.000000e+00	1.800000e+00	1.800000e+00	
36	4.212408e-03	0.000000e+00	1.800000e+00	1.800000e+00	
37	8.424814e-03	0.000000e+00	1.800000e+00	1.800000e+00	
38	1.684963e-02	0.000000e+00	1.800000e+00	1.800000e+00	
39	3.369925e-02	0.000000e+00	1.800000e+00	1.800000e+00	
40	6.739850e-02	0.000000e+00	1.800000e+00	1.800000e+00	
41	1.347970e-01	0.000000e+00	1.800000e+00	1.800000e+00	
42	2.695940e-01	0.000000e+00	1.800000e+00	1.800000e+00	
43	4.695940e-01	0.000000e+00	1.800000e+00	1.800000e+00	
44	6.695940e-01	0.000000e+00	1.800000e+00	1.800000e+00	
45	8.695940e-01	0.000000e+00	1.800000e+00	1.800000e+00	
46	1.000000e+00	0.000000e+00	1.800000e+00	1.800000e+00	
47	1.000000e+00	0.000000e+00	1.620000e+00	1.799910e+00	
48	1.000000e+00	0.000000e+00	1.260000e+00	1.799945e+00	
49	1.000000e+00	0.000000e+00	5.400003e-01	1.799959e+00	
50	1.000000e+00	0.000000e+00	2.507476e-07	1.800067e+00	
51	1.000000e+00	0.000000e+00	0.000000e+00	1.800129e+00	
52	1.000000e+00	0.000000e+00	0.000000e+00	1.800045e+00	
53	1.000000e+00	0.000000e+00	0.000000e+00	1.799987e+00	
54	1.000000e+00	0.000000e+00	0.000000e+00	1.800013e+00	

Index   time                            a               m.xsc1.msky130_ 
--------------------------------------------------------------------------------
55	1.000000e+00	0.000000e+00	0.000000e+00	1.799988e+00	
56	1.000000e+00	0.000000e+00	0.000000e+00	1.800012e+00	
57	1.000000e+00	0.000000e+00	0.000000e+00	1.799988e+00	
58	1.000000e+00	0.000000e+00	0.000000e+00	1.800012e+00	
59	1.000000e+00	0.000000e+00	0.000000e+00	1.799988e+00	
60	1.000000e+00	0.000000e+00	0.000000e+00	1.800012e+00	
61	1.000000e+00	0.000000e+00	0.000000e+00	1.799988e+00	
62	1.000000e+00	0.000000e+00	0.000000e+00	1.800012e+00	
63	1.000000e+00	0.000000e+00	0.000000e+00	1.799988e+00	
64	1.000000e+00	0.000000e+00	0.000000e+00	1.800012e+00	
65	1.000001e+00	0.000000e+00	0.000000e+00	1.799988e+00	
66	1.000001e+00	0.000000e+00	0.000000e+00	1.800012e+00	
67	1.000003e+00	0.000000e+00	0.000000e+00	1.799988e+00	
68	1.000006e+00	0.000000e+00	0.000000e+00	1.800012e+00	
69	1.000011e+00	0.000000e+00	0.000000e+00	1.799988e+00	
70	1.000023e+00	0.000000e+00	0.000000e+00	1.800012e+00	
71	1.000046e+00	0.000000e+00	0.000000e+00	1.799988e+00	
72	1.000092e+00	0.000000e+00	0.000000e+00	1.800012e+00	
73	1.000184e+00	0.000000e+00	0.000000e+00	1.799988e+00	
74	1.000368e+00	0.000000e+00	0.000000e+00	1.800012e+00	
75	1.000736e+00	0.000000e+00	0.000000e+00	1.799988e+00	
76	1.001471e+00	0.000000e+00	0.000000e+00	1.800012e+00	
77	1.002942e+00	0.000000e+00	0.000000e+00	1.799988e+00	
78	1.005884e+00	0.000000e+00	0.000000e+00	1.800012e+00	
79	1.011769e+00	0.000000e+00	0.000000e+00	1.799988e+00	
80	1.023538e+00	0.000000e+00	0.000000e+00	1.800012e+00	
81	1.047075e+00	0.000000e+00	0.000000e+00	1.799988e+00	
82	1.094150e+00	0.000000e+00	0.000000e+00	1.800012e+00	
83	1.188301e+00	0.000000e+00	0.000000e+00	1.799988e+00	
84	1.376601e+00	0.000000e+00	0.000000e+00	1.800012e+00	
85	1.576601e+00	0.000000e+00	0.000000e+00	1.799988e+00	
86	1.776601e+00	0.000000e+00	0.000000e+00	1.800012e+00	
87	1.976601e+00	0.000000e+00	0.000000e+00	1.799988e+00	
88	2.176601e+00	0.000000e+00	1.800000e+00	1.800012e+00	
89	2.376601e+00	0.000000e+00	1.800000e+00	1.799988e+00	
90	2.576601e+00	0.000000e+00	1.800000e+00	1.800012e+00	
91	2.776601e+00	0.000000e+00	1.800000e+00	1.799988e+00	
92	2.976601e+00	0.000000e+00	1.800000e+00	1.800012e+00	
93	3.176601e+00	0.000000e+00	0.000000e+00	1.799988e+00	
94	3.376601e+00	0.000000e+00	0.000000e+00	1.800012e+00	
95	3.576601e+00	0.000000e+00	0.000000e+00	1.799988e+00	
96	3.776601e+00	0.000000e+00	0.000000e+00	1.800012e+00	
97	3.976601e+00	0.000000e+00	0.000000e+00	1.799988e+00	
98	4.176601e+00	0.000000e+00	1.800000e+00	1.800012e+00	
99	4.376601e+00	0.000000e+00	1.800000e+00	1.799988e+00	
100	4.576601e+00	0.000000e+00	1.800000e+00	1.800012e+00	
101	4.776601e+00	0.000000e+00	1.800000e+00	1.799988e+00	
102	4.976601e+00	0.000000e+00	1.800000e+00	1.800012e+00	
103	5.176601e+00	0.000000e+00	0.000000e+00	1.799988e+00	
104	5.376601e+00	0.000000e+00	0.000000e+00	1.800012e+00	
105	5.576601e+00	0.000000e+00	0.000000e+00	1.799988e+00	
106	5.776601e+00	0.000000e+00	0.000000e+00	1.800012e+00	
107	5.976601e+00	0.000000e+00	0.000000e+00	1.799988e+00	
108	6.176601e+00	0.000000e+00	1.800000e+00	1.800012e+00	
109	6.376601e+00	0.000000e+00	1.800000e+00	1.799988e+00	
110	6.576601e+00	0.000000e+00	1.800000e+00	1.800012e+00	
111	6.776601e+00	0.000000e+00	1.800000e+00	1.799988e+00	
112	6.976601e+00	0.000000e+00	1.800000e+00	1.800012e+00	

Index   time                            a               m.xsc1.msky130_ 
--------------------------------------------------------------------------------
113	7.176601e+00	0.000000e+00	0.000000e+00	1.799988e+00	
114	7.376601e+00	0.000000e+00	0.000000e+00	1.800012e+00	
115	7.576601e+00	0.000000e+00	0.000000e+00	1.799988e+00	
116	7.776601e+00	0.000000e+00	0.000000e+00	1.800012e+00	
117	7.976601e+00	0.000000e+00	0.000000e+00	1.799988e+00	
118	8.176601e+00	0.000000e+00	1.800000e+00	1.800012e+00	
119	8.376601e+00	0.000000e+00	1.800000e+00	1.799988e+00	
120	8.576601e+00	0.000000e+00	1.800000e+00	1.800012e+00	
121	8.776601e+00	0.000000e+00	1.800000e+00	1.799988e+00	
122	8.976601e+00	0.000000e+00	1.800000e+00	1.800012e+00	
123	9.176601e+00	0.000000e+00	0.000000e+00	1.799988e+00	
124	9.376601e+00	0.000000e+00	0.000000e+00	1.800012e+00	
125	9.576601e+00	0.000000e+00	0.000000e+00	1.799988e+00	
126	9.776601e+00	0.000000e+00	0.000000e+00	1.800012e+00	
127	9.976601e+00	0.000000e+00	0.000000e+00	1.799988e+00	
128	1.000000e+01	0.000000e+00	0.000000e+00	1.800012e+00	

* c:\users\vinit\desktop\summation-of-counter\vinit_inverter\vinit_inverter.cir
Transient Analysis  Sat Jan 21 20:30:06  2023
--------------------------------------------------------------------------------
Index   time            m.xsc1.msky130_ m.xsc1.msky130_ m.xsc2.msky130_ 
--------------------------------------------------------------------------------
0	0.000000e+00	1.800000e+00	1.800000e+00	2.263382e-11	
1	2.000000e-11	1.800000e+00	1.800000e+00	2.263382e-11	
2	4.000000e-11	1.800000e+00	1.800000e+00	2.263382e-11	
3	8.000000e-11	1.800000e+00	1.800000e+00	2.263382e-11	
4	1.600000e-10	1.800000e+00	1.800000e+00	2.263382e-11	
5	3.200000e-10	1.800000e+00	1.800000e+00	2.263382e-11	
6	6.400000e-10	1.800000e+00	1.800000e+00	2.263382e-11	
7	1.280000e-09	1.800000e+00	1.799999e+00	4.854872e-05	
8	1.872838e-09	1.799994e+00	1.800019e+00	-3.70625e-05	
9	2.000000e-09	1.800085e+00	1.800067e+00	-8.60510e-05	
10	2.031385e-09	1.800001e+00	1.800000e+00	-2.15260e-06	
11	2.094155e-09	1.800000e+00	1.800000e+00	2.226720e-06	
12	2.219694e-09	1.800000e+00	1.800000e+00	-2.92831e-06	
13	2.470773e-09	1.800000e+00	1.800000e+00	3.013978e-06	
14	2.972931e-09	1.800000e+00	1.800000e+00	-3.06327e-06	
15	3.977247e-09	1.800000e+00	1.800000e+00	3.080636e-06	
16	5.985879e-09	1.800000e+00	1.800000e+00	-3.08960e-06	
17	1.000314e-08	1.800000e+00	1.800000e+00	3.087610e-06	
18	1.803767e-08	1.800000e+00	1.800000e+00	-3.09878e-06	
19	3.410672e-08	1.800000e+00	1.800000e+00	3.095290e-06	
20	6.624483e-08	1.800000e+00	1.800000e+00	-3.09804e-06	
21	1.305210e-07	1.800000e+00	1.800000e+00	3.097169e-06	
22	2.590735e-07	1.800000e+00	1.800000e+00	-3.09785e-06	
23	5.161783e-07	1.800000e+00	1.800000e+00	3.097637e-06	
24	1.030388e-06	1.800000e+00	1.800000e+00	-3.09781e-06	
25	2.058807e-06	1.800000e+00	1.800000e+00	3.097754e-06	
26	4.115646e-06	1.800000e+00	1.800000e+00	-3.09780e-06	
27	8.229324e-06	1.800000e+00	1.800000e+00	3.097783e-06	
28	1.645668e-05	1.800000e+00	1.800000e+00	-3.09779e-06	
29	3.291139e-05	1.800000e+00	1.800000e+00	3.097790e-06	
30	6.582081e-05	1.800000e+00	1.800000e+00	-3.09779e-06	
31	1.316397e-04	1.800000e+00	1.800000e+00	3.097792e-06	
32	2.632773e-04	1.800000e+00	1.800000e+00	-3.09779e-06	
33	5.265527e-04	1.800000e+00	1.800000e+00	3.097792e-06	
34	1.053103e-03	1.800000e+00	1.800000e+00	-3.09779e-06	
35	2.106205e-03	1.800000e+00	1.800000e+00	3.097792e-06	
36	4.212408e-03	1.800000e+00	1.800000e+00	-3.09779e-06	
37	8.424814e-03	1.800000e+00	1.800000e+00	3.097792e-06	
38	1.684963e-02	1.800000e+00	1.800000e+00	-3.09779e-06	
39	3.369925e-02	1.800000e+00	1.800000e+00	3.097792e-06	
40	6.739850e-02	1.800000e+00	1.800000e+00	-3.09779e-06	
41	1.347970e-01	1.800000e+00	1.800000e+00	3.097792e-06	
42	2.695940e-01	1.800000e+00	1.800000e+00	-3.09779e-06	
43	4.695940e-01	1.800000e+00	1.800000e+00	3.097792e-06	
44	6.695940e-01	1.800000e+00	1.800000e+00	-3.09779e-06	
45	8.695940e-01	1.800000e+00	1.800000e+00	3.097792e-06	
46	1.000000e+00	1.800000e+00	1.800000e+00	-3.09779e-06	
47	1.000000e+00	1.799955e+00	1.799955e+00	1.586358e-06	
48	1.000000e+00	1.799973e+00	1.799972e+00	-1.51064e-06	
49	1.000000e+00	1.799985e+00	1.799979e+00	1.915124e-05	
50	1.000000e+00	1.800058e+00	1.800034e+00	-1.18508e-04	
51	1.000000e+00	1.800075e+00	1.800065e+00	1.727296e-06	
52	1.000000e+00	1.800026e+00	1.800023e+00	4.247315e-07	
53	1.000000e+00	1.799993e+00	1.799993e+00	-2.11772e-08	
54	1.000000e+00	1.800007e+00	1.800006e+00	-9.38241e-09	

Index   time            m.xsc1.msky130_ m.xsc1.msky130_ m.xsc2.msky130_ 
--------------------------------------------------------------------------------
55	1.000000e+00	1.799994e+00	1.799994e+00	2.123569e-08	
56	1.000000e+00	1.800006e+00	1.800006e+00	-2.39727e-08	
57	1.000000e+00	1.799994e+00	1.799994e+00	2.503089e-08	
58	1.000000e+00	1.800006e+00	1.800006e+00	-2.54191e-08	
59	1.000000e+00	1.799994e+00	1.799994e+00	2.566563e-08	
60	1.000000e+00	1.800006e+00	1.800006e+00	-2.57168e-08	
61	1.000000e+00	1.799994e+00	1.799994e+00	2.580982e-08	
62	1.000000e+00	1.800006e+00	1.800006e+00	-2.57880e-08	
63	1.000000e+00	1.799994e+00	1.799994e+00	2.584506e-08	
64	1.000000e+00	1.800006e+00	1.800006e+00	-2.58056e-08	
65	1.000001e+00	1.799994e+00	1.799994e+00	2.585382e-08	
66	1.000001e+00	1.800006e+00	1.800006e+00	-2.58100e-08	
67	1.000003e+00	1.799994e+00	1.799994e+00	2.585601e-08	
68	1.000006e+00	1.800006e+00	1.800006e+00	-2.58111e-08	
69	1.000011e+00	1.799994e+00	1.799994e+00	2.585655e-08	
70	1.000023e+00	1.800006e+00	1.800006e+00	-2.58114e-08	
71	1.000046e+00	1.799994e+00	1.799994e+00	2.585669e-08	
72	1.000092e+00	1.800006e+00	1.800006e+00	-2.58114e-08	
73	1.000184e+00	1.799994e+00	1.799994e+00	2.585672e-08	
74	1.000368e+00	1.800006e+00	1.800006e+00	-2.58115e-08	
75	1.000736e+00	1.799994e+00	1.799994e+00	2.585673e-08	
76	1.001471e+00	1.800006e+00	1.800006e+00	-2.58115e-08	
77	1.002942e+00	1.799994e+00	1.799994e+00	2.585673e-08	
78	1.005884e+00	1.800006e+00	1.800006e+00	-2.58115e-08	
79	1.011769e+00	1.799994e+00	1.799994e+00	2.585673e-08	
80	1.023538e+00	1.800006e+00	1.800006e+00	-2.58115e-08	
81	1.047075e+00	1.799994e+00	1.799994e+00	2.585673e-08	
82	1.094150e+00	1.800006e+00	1.800006e+00	-2.58115e-08	
83	1.188301e+00	1.799994e+00	1.799994e+00	2.585673e-08	
84	1.376601e+00	1.800006e+00	1.800006e+00	-2.58115e-08	
85	1.576601e+00	1.799994e+00	1.799994e+00	2.585673e-08	
86	1.776601e+00	1.800006e+00	1.800006e+00	-2.58115e-08	
87	1.976601e+00	1.799994e+00	1.799994e+00	2.585673e-08	
88	2.176601e+00	1.800006e+00	1.800006e+00	-2.58340e-08	
89	2.376601e+00	1.799994e+00	1.799994e+00	2.583399e-08	
90	2.576601e+00	1.800006e+00	1.800006e+00	-2.58340e-08	
91	2.776601e+00	1.799994e+00	1.799994e+00	2.583399e-08	
92	2.976601e+00	1.800006e+00	1.800006e+00	-2.58340e-08	
93	3.176601e+00	1.799994e+00	1.799994e+00	2.585652e-08	
94	3.376601e+00	1.800006e+00	1.800006e+00	-2.58112e-08	
95	3.576601e+00	1.799994e+00	1.799994e+00	2.585651e-08	
96	3.776601e+00	1.800006e+00	1.800006e+00	-2.58112e-08	
97	3.976601e+00	1.799994e+00	1.799994e+00	2.585651e-08	
98	4.176601e+00	1.800006e+00	1.800006e+00	-2.58338e-08	
99	4.376601e+00	1.799994e+00	1.799994e+00	2.583377e-08	
100	4.576601e+00	1.800006e+00	1.800006e+00	-2.58338e-08	
101	4.776601e+00	1.799994e+00	1.799994e+00	2.583377e-08	
102	4.976601e+00	1.800006e+00	1.800006e+00	-2.58338e-08	
103	5.176601e+00	1.799994e+00	1.799994e+00	2.585630e-08	
104	5.376601e+00	1.800006e+00	1.800006e+00	-2.58110e-08	
105	5.576601e+00	1.799994e+00	1.799994e+00	2.585630e-08	
106	5.776601e+00	1.800006e+00	1.800006e+00	-2.58110e-08	
107	5.976601e+00	1.799994e+00	1.799994e+00	2.585630e-08	
108	6.176601e+00	1.800006e+00	1.800006e+00	-2.58335e-08	
109	6.376601e+00	1.799994e+00	1.799994e+00	2.583355e-08	
110	6.576601e+00	1.800006e+00	1.800006e+00	-2.58335e-08	
111	6.776601e+00	1.799994e+00	1.799994e+00	2.583355e-08	
112	6.976601e+00	1.800006e+00	1.800006e+00	-2.58335e-08	

Index   time            m.xsc1.msky130_ m.xsc1.msky130_ m.xsc2.msky130_ 
--------------------------------------------------------------------------------
113	7.176601e+00	1.799994e+00	1.799994e+00	2.585608e-08	
114	7.376601e+00	1.800006e+00	1.800006e+00	-2.58108e-08	
115	7.576601e+00	1.799994e+00	1.799994e+00	2.585608e-08	
116	7.776601e+00	1.800006e+00	1.800006e+00	-2.58108e-08	
117	7.976601e+00	1.799994e+00	1.799994e+00	2.585608e-08	
118	8.176601e+00	1.800006e+00	1.800006e+00	-2.58333e-08	
119	8.376601e+00	1.799994e+00	1.799994e+00	2.583333e-08	
120	8.576601e+00	1.800006e+00	1.800006e+00	-2.58333e-08	
121	8.776601e+00	1.799994e+00	1.799994e+00	2.583333e-08	
122	8.976601e+00	1.800006e+00	1.800006e+00	-2.58333e-08	
123	9.176601e+00	1.799994e+00	1.799994e+00	2.585586e-08	
124	9.376601e+00	1.800006e+00	1.800006e+00	-2.58106e-08	
125	9.576601e+00	1.799994e+00	1.799994e+00	2.585586e-08	
126	9.776601e+00	1.800006e+00	1.800006e+00	-2.58106e-08	
127	9.976601e+00	1.799994e+00	1.799994e+00	2.585586e-08	
128	1.000000e+01	1.800006e+00	1.800006e+00	-2.58106e-08	

* c:\users\vinit\desktop\summation-of-counter\vinit_inverter\vinit_inverter.cir
Transient Analysis  Sat Jan 21 20:30:06  2023
--------------------------------------------------------------------------------
Index   time            m.xsc2.msky130_ m.xsc2.msky130_ net-_sc1-pad1_  
--------------------------------------------------------------------------------
0	0.000000e+00	5.656691e-11	1.131691e-11	1.800000e+00	
1	2.000000e-11	5.656691e-11	1.131691e-11	1.800000e+00	
2	4.000000e-11	5.656691e-11	1.131691e-11	1.800000e+00	
3	8.000000e-11	5.656691e-11	1.131691e-11	1.800000e+00	
4	1.600000e-10	5.656691e-11	1.131691e-11	1.800000e+00	
5	3.200000e-10	5.656691e-11	1.131691e-11	1.800000e+00	
6	6.400000e-10	5.656691e-11	1.131691e-11	1.800000e+00	
7	1.280000e-09	2.473237e-05	2.427410e-05	1.889736e+00	
8	1.872838e-09	-3.25875e-05	-1.85304e-05	1.601873e-01	
9	2.000000e-09	-3.95519e-05	-4.30247e-05	-1.15131e-02	
10	2.031385e-09	-3.30516e-07	-1.08199e-06	-4.83258e-03	
11	2.094155e-09	1.029592e-06	1.118775e-06	9.096870e-04	
12	2.219694e-09	-1.46441e-06	-1.46941e-06	-4.05390e-04	
13	2.470773e-09	1.527915e-06	1.512150e-06	2.800957e-04	
14	2.972931e-09	-1.56048e-06	-1.53675e-06	-2.31409e-04	
15	3.977247e-09	1.572530e-06	1.545408e-06	2.108885e-04	
16	5.985879e-09	-1.57859e-06	-1.54988e-06	-2.00916e-04	
17	1.000314e-08	1.578283e-06	1.548877e-06	1.966102e-04	
18	1.803767e-08	-1.58435e-06	-1.55446e-06	-1.94348e-04	
19	3.410672e-08	1.582736e-06	1.552713e-06	1.928424e-04	
20	6.624483e-08	-1.58423e-06	-1.55408e-06	-1.92767e-04	
21	1.305210e-07	1.583828e-06	1.553652e-06	1.919120e-04	
22	2.590735e-07	-1.58420e-06	-1.55399e-06	-1.92374e-04	
23	5.161783e-07	1.584099e-06	1.553885e-06	1.916801e-04	
24	1.030388e-06	-1.58419e-06	-1.55397e-06	-1.92276e-04	
25	2.058807e-06	1.584167e-06	1.553943e-06	1.916222e-04	
26	4.115646e-06	-1.58419e-06	-1.55396e-06	-1.92251e-04	
27	8.229324e-06	1.584184e-06	1.553958e-06	1.916077e-04	
28	1.645668e-05	-1.58419e-06	-1.55396e-06	-1.92245e-04	
29	3.291139e-05	1.584188e-06	1.553962e-06	1.916041e-04	
30	6.582081e-05	-1.58419e-06	-1.55396e-06	-1.92244e-04	
31	1.316397e-04	1.584189e-06	1.553963e-06	1.916032e-04	
32	2.632773e-04	-1.58419e-06	-1.55396e-06	-1.92243e-04	
33	5.265527e-04	1.584190e-06	1.553963e-06	1.916029e-04	
34	1.053103e-03	-1.58419e-06	-1.55396e-06	-1.92243e-04	
35	2.106205e-03	1.584190e-06	1.553963e-06	1.916029e-04	
36	4.212408e-03	-1.58419e-06	-1.55396e-06	-1.92243e-04	
37	8.424814e-03	1.584190e-06	1.553963e-06	1.916029e-04	
38	1.684963e-02	-1.58419e-06	-1.55396e-06	-1.92243e-04	
39	3.369925e-02	1.584190e-06	1.553963e-06	1.916029e-04	
40	6.739850e-02	-1.58419e-06	-1.55396e-06	-1.92243e-04	
41	1.347970e-01	1.584190e-06	1.553963e-06	1.916029e-04	
42	2.695940e-01	-1.58419e-06	-1.55396e-06	-1.92243e-04	
43	4.695940e-01	1.584190e-06	1.553963e-06	1.916764e-04	
44	6.695940e-01	-1.58419e-06	-1.55396e-06	-1.91894e-04	
45	8.695940e-01	1.584190e-06	1.553963e-06	1.917329e-04	
46	1.000000e+00	-1.58419e-06	-1.55396e-06	-1.91805e-04	
47	1.000000e+00	-2.68443e-09	7.930851e-07	-2.26861e-02	
48	1.000000e+00	-6.29690e-07	-7.55168e-07	-4.11749e-02	
49	1.000000e+00	1.712986e-05	9.575286e-06	3.833672e-01	
50	1.000000e+00	-4.90576e-05	-5.92520e-05	1.526630e+00	
51	1.000000e+00	4.524535e-06	8.585531e-07	1.629907e+00	
52	1.000000e+00	8.530567e-07	2.175052e-07	1.755843e+00	
53	1.000000e+00	1.554069e-07	-1.57200e-08	1.804385e+00	
54	1.000000e+00	-2.31796e-07	4.396346e-10	1.798202e+00	

Index   time            m.xsc2.msky130_ m.xsc2.msky130_ net-_sc1-pad1_  
--------------------------------------------------------------------------------
55	1.000000e+00	2.614432e-07	5.486909e-09	1.800708e+00	
56	1.000000e+00	-2.68296e-07	-6.85527e-09	1.799525e+00	
57	1.000000e+00	2.709476e-07	7.384290e-09	1.800388e+00	
58	1.000000e+00	-2.71921e-07	-7.57837e-09	1.799649e+00	
59	1.000000e+00	2.725390e-07	7.701596e-09	1.800334e+00	
60	1.000000e+00	-2.72668e-07	-7.72719e-09	1.799674e+00	
61	1.000000e+00	2.729007e-07	7.773675e-09	1.800323e+00	
62	1.000000e+00	-2.72846e-07	-7.76278e-09	1.799681e+00	
63	1.000000e+00	2.729890e-07	7.791292e-09	1.800321e+00	
64	1.000000e+00	-2.72891e-07	-7.77157e-09	1.799682e+00	
65	1.000001e+00	2.730110e-07	7.795671e-09	1.800320e+00	
66	1.000001e+00	-2.72902e-07	-7.77377e-09	1.799683e+00	
67	1.000003e+00	2.730165e-07	7.796765e-09	1.800320e+00	
68	1.000006e+00	-2.72904e-07	-7.77431e-09	1.799683e+00	
69	1.000011e+00	2.730179e-07	7.797038e-09	1.800320e+00	
70	1.000023e+00	-2.72905e-07	-7.77445e-09	1.799683e+00	
71	1.000046e+00	2.730182e-07	7.797106e-09	1.800320e+00	
72	1.000092e+00	-2.72905e-07	-7.77448e-09	1.799683e+00	
73	1.000184e+00	2.730183e-07	7.797123e-09	1.800320e+00	
74	1.000368e+00	-2.72905e-07	-7.77449e-09	1.799683e+00	
75	1.000736e+00	2.730183e-07	7.797128e-09	1.800320e+00	
76	1.001471e+00	-2.72905e-07	-7.77449e-09	1.799683e+00	
77	1.002942e+00	2.730183e-07	7.797129e-09	1.800320e+00	
78	1.005884e+00	-2.72905e-07	-7.77450e-09	1.799683e+00	
79	1.011769e+00	2.730183e-07	7.797129e-09	1.800320e+00	
80	1.023538e+00	-2.72905e-07	-7.77450e-09	1.799683e+00	
81	1.047075e+00	2.730183e-07	7.797129e-09	1.800320e+00	
82	1.094150e+00	-2.72905e-07	-7.77450e-09	1.799683e+00	
83	1.188301e+00	2.730183e-07	7.797129e-09	1.800320e+00	
84	1.376601e+00	-2.72905e-07	-7.77450e-09	1.799683e+00	
85	1.576601e+00	2.730183e-07	7.797129e-09	1.800319e+00	
86	1.776601e+00	-2.72905e-07	-7.77450e-09	1.799682e+00	
87	1.976601e+00	2.730183e-07	7.797129e-09	1.800319e+00	
88	2.176601e+00	-2.72962e-07	-7.78576e-09	-1.07525e-04	
89	2.376601e+00	2.729618e-07	7.785756e-09	1.075317e-04	
90	2.576601e+00	-2.72962e-07	-7.78576e-09	-1.07609e-04	
91	2.776601e+00	2.729618e-07	7.785756e-09	1.076929e-04	
92	2.976601e+00	-2.72962e-07	-7.78576e-09	-1.07609e-04	
93	3.176601e+00	2.730183e-07	7.797022e-09	1.800730e+00	
94	3.376601e+00	-2.72905e-07	-7.77438e-09	1.799764e+00	
95	3.576601e+00	2.730183e-07	7.797019e-09	1.800319e+00	
96	3.776601e+00	-2.72905e-07	-7.77439e-09	1.799682e+00	
97	3.976601e+00	2.730183e-07	7.797019e-09	1.800319e+00	
98	4.176601e+00	-2.72962e-07	-7.78565e-09	-1.07523e-04	
99	4.376601e+00	2.729617e-07	7.785646e-09	1.075306e-04	
100	4.576601e+00	-2.72962e-07	-7.78565e-09	-1.07607e-04	
101	4.776601e+00	2.729617e-07	7.785646e-09	1.076917e-04	
102	4.976601e+00	-2.72962e-07	-7.78565e-09	-1.07608e-04	
103	5.176601e+00	2.730183e-07	7.796912e-09	1.800730e+00	
104	5.376601e+00	-2.72905e-07	-7.77428e-09	1.799764e+00	
105	5.576601e+00	2.730183e-07	7.796909e-09	1.800319e+00	
106	5.776601e+00	-2.72905e-07	-7.77428e-09	1.799682e+00	
107	5.976601e+00	2.730183e-07	7.796909e-09	1.800319e+00	
108	6.176601e+00	-2.72962e-07	-7.78554e-09	-1.07522e-04	
109	6.376601e+00	2.729617e-07	7.785536e-09	1.075294e-04	
110	6.576601e+00	-2.72962e-07	-7.78554e-09	-1.07606e-04	
111	6.776601e+00	2.729617e-07	7.785536e-09	1.076905e-04	
112	6.976601e+00	-2.72962e-07	-7.78554e-09	-1.07606e-04	

Index   time            m.xsc2.msky130_ m.xsc2.msky130_ net-_sc1-pad1_  
--------------------------------------------------------------------------------
113	7.176601e+00	2.730183e-07	7.796802e-09	1.800730e+00	
114	7.376601e+00	-2.72905e-07	-7.77417e-09	1.799764e+00	
115	7.576601e+00	2.730183e-07	7.796800e-09	1.800319e+00	
116	7.776601e+00	-2.72905e-07	-7.77417e-09	1.799682e+00	
117	7.976601e+00	2.730183e-07	7.796800e-09	1.800319e+00	
118	8.176601e+00	-2.72962e-07	-7.78543e-09	-1.07521e-04	
119	8.376601e+00	2.729617e-07	7.785427e-09	1.075282e-04	
120	8.576601e+00	-2.72962e-07	-7.78543e-09	-1.07605e-04	
121	8.776601e+00	2.729617e-07	7.785427e-09	1.076894e-04	
122	8.976601e+00	-2.72962e-07	-7.78543e-09	-1.07605e-04	
123	9.176601e+00	2.730183e-07	7.796692e-09	1.800730e+00	
124	9.376601e+00	-2.72905e-07	-7.77406e-09	1.799764e+00	
125	9.576601e+00	2.730183e-07	7.796690e-09	1.800319e+00	
126	9.776601e+00	-2.72905e-07	-7.77406e-09	1.799682e+00	
127	9.976601e+00	2.730183e-07	7.796690e-09	1.800319e+00	
128	1.000000e+01	-2.72905e-07	-7.77406e-09	1.799682e+00	

* c:\users\vinit\desktop\summation-of-counter\vinit_inverter\vinit_inverter.cir
Transient Analysis  Sat Jan 21 20:30:06  2023
--------------------------------------------------------------------------------
Index   time            net-_sc1-pad3_  sky130_fd_pr__e xsc4.a          
--------------------------------------------------------------------------------
0	0.000000e+00	1.800000e+00	0.000000e+00	0.000000e+00	
1	2.000000e-11	1.800000e+00	0.000000e+00	7.589415e-19	
2	4.000000e-11	1.800000e+00	0.000000e+00	5.963112e-19	
3	8.000000e-11	1.800000e+00	0.000000e+00	3.794708e-19	
4	1.600000e-10	1.800000e+00	0.000000e+00	-1.08420e-19	
5	3.200000e-10	1.800000e+00	0.000000e+00	-3.79471e-19	
6	6.400000e-10	1.800000e+00	0.000000e+00	3.523657e-19	
7	1.280000e-09	1.800000e+00	0.000000e+00	8.669258e-07	
8	1.872838e-09	1.800000e+00	0.000000e+00	-1.88998e-05	
9	2.000000e-09	1.800000e+00	0.000000e+00	1.029911e-05	
10	2.031385e-09	1.800000e+00	0.000000e+00	8.161124e-07	
11	2.094155e-09	1.800000e+00	0.000000e+00	-2.32212e-07	
12	2.219694e-09	1.800000e+00	0.000000e+00	1.640575e-07	
13	2.470773e-09	1.800000e+00	0.000000e+00	-1.45867e-07	
14	2.972931e-09	1.800000e+00	0.000000e+00	1.389691e-07	
15	3.977247e-09	1.800000e+00	0.000000e+00	-1.35957e-07	
16	5.985879e-09	1.800000e+00	0.000000e+00	1.345476e-07	
17	1.000314e-08	1.800000e+00	0.000000e+00	-1.33865e-07	
18	1.803767e-08	1.800000e+00	0.000000e+00	1.335294e-07	
19	3.410672e-08	1.800000e+00	0.000000e+00	-1.33363e-07	
20	6.624483e-08	1.800000e+00	0.000000e+00	1.332800e-07	
21	1.305210e-07	1.800000e+00	0.000000e+00	-1.33239e-07	
22	2.590735e-07	1.800000e+00	0.000000e+00	1.332180e-07	
23	5.161783e-07	1.800000e+00	0.000000e+00	-1.33208e-07	
24	1.030388e-06	1.800000e+00	0.000000e+00	1.332025e-07	
25	2.058807e-06	1.800000e+00	0.000000e+00	-1.33200e-07	
26	4.115646e-06	1.800000e+00	0.000000e+00	1.331986e-07	
27	8.229324e-06	1.800000e+00	0.000000e+00	-1.33198e-07	
28	1.645668e-05	1.800000e+00	0.000000e+00	1.331976e-07	
29	3.291139e-05	1.800000e+00	0.000000e+00	-1.33197e-07	
30	6.582081e-05	1.800000e+00	0.000000e+00	1.331974e-07	
31	1.316397e-04	1.800000e+00	0.000000e+00	-1.33197e-07	
32	2.632773e-04	1.800000e+00	0.000000e+00	1.331973e-07	
33	5.265527e-04	1.800000e+00	0.000000e+00	-1.33197e-07	
34	1.053103e-03	1.800000e+00	0.000000e+00	1.331973e-07	
35	2.106205e-03	1.800000e+00	0.000000e+00	-1.33197e-07	
36	4.212408e-03	1.800000e+00	0.000000e+00	1.331973e-07	
37	8.424814e-03	1.800000e+00	0.000000e+00	-1.33197e-07	
38	1.684963e-02	1.800000e+00	0.000000e+00	1.331973e-07	
39	3.369925e-02	1.800000e+00	0.000000e+00	-1.33197e-07	
40	6.739850e-02	1.800000e+00	0.000000e+00	1.331973e-07	
41	1.347970e-01	1.800000e+00	0.000000e+00	-1.33197e-07	
42	2.695940e-01	1.800000e+00	0.000000e+00	1.331973e-07	
43	4.695940e-01	1.800000e+00	0.000000e+00	-1.33197e-07	
44	6.695940e-01	1.800000e+00	0.000000e+00	1.331973e-07	
45	8.695940e-01	1.800000e+00	0.000000e+00	-1.33197e-07	
46	1.000000e+00	1.800000e+00	0.000000e+00	1.331973e-07	
47	1.000000e+00	1.800000e+00	0.000000e+00	-6.92246e-07	
48	1.000000e+00	1.800000e+00	0.000000e+00	1.155428e-07	
49	1.000000e+00	1.800000e+00	0.000000e+00	6.441001e-06	
50	1.000000e+00	1.800000e+00	0.000000e+00	1.712276e-05	
51	1.000000e+00	1.800000e+00	0.000000e+00	6.497365e-06	
52	1.000000e+00	1.800000e+00	0.000000e+00	1.344444e-06	
53	1.000000e+00	1.800000e+00	0.000000e+00	1.627089e-07	
54	1.000000e+00	1.800000e+00	0.000000e+00	-2.76284e-07	

Index   time            net-_sc1-pad3_  sky130_fd_pr__e xsc4.a          
--------------------------------------------------------------------------------
55	1.000000e+00	1.800000e+00	0.000000e+00	3.187760e-07	
56	1.000000e+00	1.800000e+00	0.000000e+00	-3.28266e-07	
57	1.000000e+00	1.800000e+00	0.000000e+00	3.315847e-07	
58	1.000000e+00	1.800000e+00	0.000000e+00	-3.32969e-07	
59	1.000000e+00	1.800000e+00	0.000000e+00	3.336026e-07	
60	1.000000e+00	1.800000e+00	0.000000e+00	-3.33905e-07	
61	1.000000e+00	1.800000e+00	0.000000e+00	3.340533e-07	
62	1.000000e+00	1.800000e+00	0.000000e+00	-3.34126e-07	
63	1.000000e+00	1.800000e+00	0.000000e+00	3.341629e-07	
64	1.000000e+00	1.800000e+00	0.000000e+00	-3.34181e-07	
65	1.000001e+00	1.800000e+00	0.000000e+00	3.341901e-07	
66	1.000001e+00	1.800000e+00	0.000000e+00	-3.34195e-07	
67	1.000003e+00	1.800000e+00	0.000000e+00	3.341969e-07	
68	1.000006e+00	1.800000e+00	0.000000e+00	-3.34198e-07	
69	1.000011e+00	1.800000e+00	0.000000e+00	3.341986e-07	
70	1.000023e+00	1.800000e+00	0.000000e+00	-3.34199e-07	
71	1.000046e+00	1.800000e+00	0.000000e+00	3.341990e-07	
72	1.000092e+00	1.800000e+00	0.000000e+00	-3.34199e-07	
73	1.000184e+00	1.800000e+00	0.000000e+00	3.341991e-07	
74	1.000368e+00	1.800000e+00	0.000000e+00	-3.34199e-07	
75	1.000736e+00	1.800000e+00	0.000000e+00	3.341991e-07	
76	1.001471e+00	1.800000e+00	0.000000e+00	-3.34199e-07	
77	1.002942e+00	1.800000e+00	0.000000e+00	3.341991e-07	
78	1.005884e+00	1.800000e+00	0.000000e+00	-3.34199e-07	
79	1.011769e+00	1.800000e+00	0.000000e+00	3.341991e-07	
80	1.023538e+00	1.800000e+00	0.000000e+00	-3.34199e-07	
81	1.047075e+00	1.800000e+00	0.000000e+00	3.341991e-07	
82	1.094150e+00	1.800000e+00	0.000000e+00	-3.34199e-07	
83	1.188301e+00	1.800000e+00	0.000000e+00	3.341991e-07	
84	1.376601e+00	1.800000e+00	0.000000e+00	-3.34199e-07	
85	1.576601e+00	1.800000e+00	0.000000e+00	3.341991e-07	
86	1.776601e+00	1.800000e+00	0.000000e+00	-3.34199e-07	
87	1.976601e+00	1.800000e+00	0.000000e+00	3.341991e-07	
88	2.176601e+00	1.800000e+00	0.000000e+00	-3.34199e-07	
89	2.376601e+00	1.800000e+00	0.000000e+00	3.341992e-07	
90	2.576601e+00	1.800000e+00	0.000000e+00	-3.34199e-07	
91	2.776601e+00	1.800000e+00	0.000000e+00	3.341992e-07	
92	2.976601e+00	1.800000e+00	0.000000e+00	-3.34199e-07	
93	3.176601e+00	1.800000e+00	0.000000e+00	3.341992e-07	
94	3.376601e+00	1.800000e+00	0.000000e+00	-3.34199e-07	
95	3.576601e+00	1.800000e+00	0.000000e+00	3.341992e-07	
96	3.776601e+00	1.800000e+00	0.000000e+00	-3.34199e-07	
97	3.976601e+00	1.800000e+00	0.000000e+00	3.341992e-07	
98	4.176601e+00	1.800000e+00	0.000000e+00	-3.34199e-07	
99	4.376601e+00	1.800000e+00	0.000000e+00	3.341993e-07	
100	4.576601e+00	1.800000e+00	0.000000e+00	-3.34199e-07	
101	4.776601e+00	1.800000e+00	0.000000e+00	3.341993e-07	
102	4.976601e+00	1.800000e+00	0.000000e+00	-3.34199e-07	
103	5.176601e+00	1.800000e+00	0.000000e+00	3.341993e-07	
104	5.376601e+00	1.800000e+00	0.000000e+00	-3.34199e-07	
105	5.576601e+00	1.800000e+00	0.000000e+00	3.341993e-07	
106	5.776601e+00	1.800000e+00	0.000000e+00	-3.34199e-07	
107	5.976601e+00	1.800000e+00	0.000000e+00	3.341993e-07	
108	6.176601e+00	1.800000e+00	0.000000e+00	-3.34199e-07	
109	6.376601e+00	1.800000e+00	0.000000e+00	3.341994e-07	
110	6.576601e+00	1.800000e+00	0.000000e+00	-3.34199e-07	
111	6.776601e+00	1.800000e+00	0.000000e+00	3.341994e-07	
112	6.976601e+00	1.800000e+00	0.000000e+00	-3.34199e-07	

Index   time            net-_sc1-pad3_  sky130_fd_pr__e xsc4.a          
--------------------------------------------------------------------------------
113	7.176601e+00	1.800000e+00	0.000000e+00	3.341995e-07	
114	7.376601e+00	1.800000e+00	0.000000e+00	-3.34199e-07	
115	7.576601e+00	1.800000e+00	0.000000e+00	3.341995e-07	
116	7.776601e+00	1.800000e+00	0.000000e+00	-3.34199e-07	
117	7.976601e+00	1.800000e+00	0.000000e+00	3.341995e-07	
118	8.176601e+00	1.800000e+00	0.000000e+00	-3.34200e-07	
119	8.376601e+00	1.800000e+00	0.000000e+00	3.341995e-07	
120	8.576601e+00	1.800000e+00	0.000000e+00	-3.34200e-07	
121	8.776601e+00	1.800000e+00	0.000000e+00	3.341995e-07	
122	8.976601e+00	1.800000e+00	0.000000e+00	-3.34200e-07	
123	9.176601e+00	1.800000e+00	0.000000e+00	3.341996e-07	
124	9.376601e+00	1.800000e+00	0.000000e+00	-3.34200e-07	
125	9.576601e+00	1.800000e+00	0.000000e+00	3.341996e-07	
126	9.776601e+00	1.800000e+00	0.000000e+00	-3.34200e-07	
127	9.976601e+00	1.800000e+00	0.000000e+00	3.341996e-07	
128	1.000000e+01	1.800000e+00	0.000000e+00	-3.34200e-07	

* c:\users\vinit\desktop\summation-of-counter\vinit_inverter\vinit_inverter.cir
Transient Analysis  Sat Jan 21 20:30:06  2023
--------------------------------------------------------------------------------
Index   time            xsc4.b1         y               
--------------------------------------------------------------------------------
0	0.000000e+00	0.000000e+00	1.800000e+00	
1	2.000000e-11	7.285040e-19	1.800000e+00	
2	4.000000e-11	5.723960e-19	1.800000e+00	
3	8.000000e-11	3.642520e-19	1.800000e+00	
4	1.600000e-10	-1.04072e-19	1.800000e+00	
5	3.200000e-10	-3.64252e-19	1.800000e+00	
6	6.400000e-10	3.382340e-19	1.800000e+00	
7	1.280000e-09	8.321576e-07	1.889591e+00	
8	1.872838e-09	-1.81418e-05	1.633398e-01	
9	2.000000e-09	9.886060e-06	-1.32310e-02	
10	2.031385e-09	7.833821e-07	-4.96871e-03	
11	2.094155e-09	-2.22899e-07	9.484203e-04	
12	2.219694e-09	1.574779e-07	-4.32755e-04	
13	2.470773e-09	-1.40017e-07	3.044265e-04	
14	2.972931e-09	1.333957e-07	-2.54589e-04	
15	3.977247e-09	-1.30505e-07	2.335664e-04	
16	5.985879e-09	1.291516e-07	-2.23358e-04	
17	1.000314e-08	-1.28497e-07	2.189391e-04	
18	1.803767e-08	1.281742e-07	-2.16621e-04	
19	3.410672e-08	-1.28014e-07	2.150875e-04	
20	6.624483e-08	1.279348e-07	-2.14998e-04	
21	1.305210e-07	-1.27895e-07	2.141364e-04	
22	2.590735e-07	1.278752e-07	-2.14595e-04	
23	5.161783e-07	-1.27865e-07	2.138993e-04	
24	1.030388e-06	1.278604e-07	-2.14494e-04	
25	2.058807e-06	-1.27858e-07	2.138401e-04	
26	4.115646e-06	1.278567e-07	-2.14469e-04	
27	8.229324e-06	-1.27856e-07	2.138253e-04	
28	1.645668e-05	1.278557e-07	-2.14463e-04	
29	3.291139e-05	-1.27856e-07	2.138216e-04	
30	6.582081e-05	1.278555e-07	-2.14461e-04	
31	1.316397e-04	-1.27855e-07	2.138207e-04	
32	2.632773e-04	1.278554e-07	-2.14461e-04	
33	5.265527e-04	-1.27855e-07	2.138205e-04	
34	1.053103e-03	1.278554e-07	-2.14461e-04	
35	2.106205e-03	-1.27855e-07	2.138204e-04	
36	4.212408e-03	1.278554e-07	-2.14461e-04	
37	8.424814e-03	-1.27855e-07	2.138204e-04	
38	1.684963e-02	1.278554e-07	-2.14461e-04	
39	3.369925e-02	-1.27855e-07	2.138204e-04	
40	6.739850e-02	1.278554e-07	-2.14461e-04	
41	1.347970e-01	-1.27855e-07	2.138204e-04	
42	2.695940e-01	1.278554e-07	-2.14461e-04	
43	4.695940e-01	-1.27855e-07	2.138939e-04	
44	6.695940e-01	1.278554e-07	-2.14111e-04	
45	8.695940e-01	-1.27855e-07	2.139504e-04	
46	1.000000e+00	1.278554e-07	-2.14022e-04	
47	1.000000e+00	-6.64484e-07	-2.25706e-02	
48	1.000000e+00	1.109090e-07	-4.11941e-02	
49	1.000000e+00	6.182684e-06	3.822928e-01	
50	1.000000e+00	1.643605e-05	1.523774e+00	
51	1.000000e+00	6.236787e-06	1.628824e+00	
52	1.000000e+00	1.290525e-06	1.755619e+00	
53	1.000000e+00	1.561834e-07	1.804358e+00	
54	1.000000e+00	-2.65203e-07	1.798248e+00	

Index   time            xsc4.b1         y               
--------------------------------------------------------------------------------
55	1.000000e+00	3.059914e-07	1.800655e+00	
56	1.000000e+00	-3.15100e-07	1.799580e+00	
57	1.000000e+00	3.182865e-07	1.800332e+00	
58	1.000000e+00	-3.19616e-07	1.799704e+00	
59	1.000000e+00	3.202234e-07	1.800279e+00	
60	1.000000e+00	-3.20514e-07	1.799730e+00	
61	1.000000e+00	3.206560e-07	1.800268e+00	
62	1.000000e+00	-3.20726e-07	1.799736e+00	
63	1.000000e+00	3.207612e-07	1.800265e+00	
64	1.000000e+00	-3.20779e-07	1.799738e+00	
65	1.000001e+00	3.207873e-07	1.800264e+00	
66	1.000001e+00	-3.20792e-07	1.799738e+00	
67	1.000003e+00	3.207938e-07	1.800264e+00	
68	1.000006e+00	-3.20795e-07	1.799739e+00	
69	1.000011e+00	3.207955e-07	1.800264e+00	
70	1.000023e+00	-3.20796e-07	1.799739e+00	
71	1.000046e+00	3.207959e-07	1.800264e+00	
72	1.000092e+00	-3.20796e-07	1.799739e+00	
73	1.000184e+00	3.207960e-07	1.800264e+00	
74	1.000368e+00	-3.20796e-07	1.799739e+00	
75	1.000736e+00	3.207960e-07	1.800264e+00	
76	1.001471e+00	-3.20796e-07	1.799739e+00	
77	1.002942e+00	3.207960e-07	1.800264e+00	
78	1.005884e+00	-3.20796e-07	1.799739e+00	
79	1.011769e+00	3.207960e-07	1.800264e+00	
80	1.023538e+00	-3.20796e-07	1.799739e+00	
81	1.047075e+00	3.207960e-07	1.800264e+00	
82	1.094150e+00	-3.20796e-07	1.799739e+00	
83	1.188301e+00	3.207960e-07	1.800264e+00	
84	1.376601e+00	-3.20796e-07	1.799739e+00	
85	1.576601e+00	3.207960e-07	1.800263e+00	
86	1.776601e+00	-3.20796e-07	1.799738e+00	
87	1.976601e+00	3.207960e-07	1.800263e+00	
88	2.176601e+00	-3.20796e-07	-5.17796e-05	
89	2.376601e+00	3.207961e-07	5.178677e-05	
90	2.576601e+00	-3.20796e-07	-5.18636e-05	
91	2.776601e+00	3.207961e-07	5.194790e-05	
92	2.976601e+00	-3.20796e-07	-5.18638e-05	
93	3.176601e+00	3.207961e-07	1.800675e+00	
94	3.376601e+00	-3.20796e-07	1.799819e+00	
95	3.576601e+00	3.207961e-07	1.800263e+00	
96	3.776601e+00	-3.20796e-07	1.799738e+00	
97	3.976601e+00	3.207961e-07	1.800263e+00	
98	4.176601e+00	-3.20796e-07	-5.17784e-05	
99	4.376601e+00	3.207962e-07	5.178559e-05	
100	4.576601e+00	-3.20796e-07	-5.18625e-05	
101	4.776601e+00	3.207962e-07	5.194672e-05	
102	4.976601e+00	-3.20796e-07	-5.18626e-05	
103	5.176601e+00	3.207962e-07	1.800675e+00	
104	5.376601e+00	-3.20796e-07	1.799819e+00	
105	5.576601e+00	3.207962e-07	1.800263e+00	
106	5.776601e+00	-3.20796e-07	1.799738e+00	
107	5.976601e+00	3.207962e-07	1.800263e+00	
108	6.176601e+00	-3.20796e-07	-5.17772e-05	
109	6.376601e+00	3.207963e-07	5.178441e-05	
110	6.576601e+00	-3.20796e-07	-5.18613e-05	
111	6.776601e+00	3.207963e-07	5.194554e-05	
112	6.976601e+00	-3.20796e-07	-5.18614e-05	

Index   time            xsc4.b1         y               
--------------------------------------------------------------------------------
113	7.176601e+00	3.207963e-07	1.800675e+00	
114	7.376601e+00	-3.20796e-07	1.799819e+00	
115	7.576601e+00	3.207963e-07	1.800263e+00	
116	7.776601e+00	-3.20796e-07	1.799738e+00	
117	7.976601e+00	3.207963e-07	1.800263e+00	
118	8.176601e+00	-3.20796e-07	-5.17760e-05	
119	8.376601e+00	3.207964e-07	5.178323e-05	
120	8.576601e+00	-3.20796e-07	-5.18601e-05	
121	8.776601e+00	3.207964e-07	5.194436e-05	
122	8.976601e+00	-3.20796e-07	-5.18603e-05	
123	9.176601e+00	3.207964e-07	1.800675e+00	
124	9.376601e+00	-3.20796e-07	1.799819e+00	
125	9.576601e+00	3.207964e-07	1.800263e+00	
126	9.776601e+00	-3.20796e-07	1.799738e+00	
127	9.976601e+00	3.207964e-07	1.800263e+00	
128	1.000000e+01	-3.20796e-07	1.799738e+00	
